0	0	0
1	0	0
2	0	0
3	0	0
4	0	0
5	0	0
6	0	0
7	0	0
8	3	2
9	48	7
10	69	8
11	70	8
12	76	9
13	82	9
14	83	9
15	93	10
16	143	12
17	157	13
18	143	12
19	152	12
20	115	11
21	91	10
22	84	9
23	88	9
24	116	11
25	89	9
26	104	10
27	93	10
28	97	10
29	107	10
30	85	9
31	107	10
32	92	10
33	101	10
34	118	11
35	113	11
36	117	11
37	131	11
38	117	11
39	138	12
40	118	11
41	125	11
42	135	12
43	144	12
44	163	13
45	151	12
46	153	12
47	166	13
48	185	14
49	221	15
50	194	14
51	211	15
52	176	13
53	182	13
54	176	13
55	170	13
56	168	13
57	179	13
58	171	13
59	165	13
60	158	13
61	171	13
62	153	12
63	169	13
64	170	13
65	132	11
66	148	12
67	166	13
68	133	12
69	166	13
70	156	12
71	142	12
72	162	13
73	162	13
74	168	13
75	160	13
76	157	13
77	145	12
78	149	12
79	159	13
80	136	12
81	147	12
82	165	13
83	147	12
84	145	12
85	145	12
86	140	12
87	140	12
88	127	11
89	163	13
90	160	13
91	161	13
92	145	12
93	122	11
94	132	11
95	153	12
96	149	12
97	128	11
98	149	12
99	152	12
100	167	13
101	131	11
102	150	12
103	126	11
104	138	12
105	143	12
106	126	11
107	123	11
108	128	11
109	154	12
110	132	11
111	158	13
112	145	12
113	129	11
114	142	12
115	130	11
116	152	12
117	149	12
118	156	12
119	171	13
120	176	13
121	170	13
122	212	15
123	175	13
124	160	13
125	172	13
126	158	13
127	168	13
128	162	13
129	192	14
130	170	13
131	171	13
132	160	13
133	151	12
134	164	13
135	163	13
136	166	13
137	158	13
138	151	12
139	155	12
140	109	10
141	155	12
142	136	12
143	132	11
144	135	12
145	146	12
146	149	12
147	142	12
148	143	12
149	115	11
150	109	10
151	122	11
152	130	11
153	114	11
154	128	11
155	120	11
156	133	12
157	122	11
158	129	11
159	118	11
160	114	11
161	123	11
162	129	11
163	119	11
164	123	11
165	113	11
166	110	10
167	116	11
168	107	10
169	109	10
170	104	10
171	85	9
172	112	11
173	106	10
174	116	11
175	96	10
176	104	10
177	117	11
178	106	10
179	98	10
180	94	10
181	107	10
182	102	10
183	97	10
184	105	10
185	104	10
186	104	10
187	99	10
188	87	9
189	90	9
190	96	10
191	88	9
192	75	9
193	97	10
194	84	9
195	108	10
196	82	9
197	97	10
198	84	9
199	95	10
200	85	9
201	95	10
202	92	10
203	96	10
204	79	9
205	83	9
206	94	10
207	89	9
208	81	9
209	84	9
210	82	9
211	83	9
212	84	9
213	104	10
214	88	9
215	88	9
216	76	9
217	91	10
218	88	9
219	82	9
220	80	9
221	68	8
222	80	9
223	97	10
224	92	10
225	77	9
226	78	9
227	96	10
228	67	8
229	85	9
230	86	9
231	82	9
232	92	10
233	86	9
234	74	9
235	87	9
236	72	8
237	76	9
238	77	9
239	83	9
240	76	9
241	78	9
242	75	9
243	71	8
244	67	8
245	82	9
246	85	9
247	76	9
248	69	8
249	72	8
250	73	9
251	64	8
252	64	8
253	67	8
254	92	10
255	74	9
256	82	9
257	76	9
258	74	9
259	87	9
260	84	9
261	86	9
262	77	9
263	87	9
264	65	8
265	79	9
266	77	9
267	85	9
268	81	9
269	94	10
270	82	9
271	87	9
272	70	8
273	76	9
274	64	8
275	79	9
276	79	9
277	73	9
278	75	9
279	73	9
280	76	9
281	66	8
282	90	9
283	81	9
284	88	9
285	59	8
286	62	8
287	72	8
288	75	9
289	69	8
290	73	9
291	59	8
292	62	8
293	56	7
294	74	9
295	70	8
296	52	7
297	52	7
298	44	7
299	36	6
300	44	7
301	47	7
302	33	6
303	40	6
304	38	6
305	39	6
306	34	6
307	34	6
308	31	6
309	22	5
310	46	7
311	37	6
312	31	6
313	31	6
314	27	5
315	20	4
316	34	6
317	30	5
318	27	5
319	25	5
320	18	4
321	12	3
322	19	4
323	33	6
324	32	6
325	19	4
326	17	4
327	21	5
328	15	4
329	13	4
330	22	5
331	16	4
332	21	5
333	14	4
334	24	5
335	15	4
336	27	5
337	18	4
338	20	4
339	8	3
340	10	3
341	20	4
342	14	4
343	11	3
344	11	3
345	13	4
346	15	4
347	11	3
348	13	4
349	21	5
350	15	4
351	15	4
352	11	3
353	12	3
354	21	5
355	14	4
356	14	4
357	15	4
358	9	3
359	15	4
360	10	3
361	13	4
362	11	3
363	8	3
364	17	4
365	17	4
366	14	4
367	9	3
368	13	4
369	22	5
370	10	3
371	8	3
372	11	3
373	12	3
374	20	4
375	10	3
376	17	4
377	13	4
378	16	4
379	20	4
380	14	4
381	9	3
382	19	4
383	11	3
384	17	4
385	24	5
386	16	4
387	19	4
388	21	5
389	24	5
390	21	5
391	30	5
392	41	6
393	43	7
394	49	7
395	56	7
396	56	7
397	73	9
398	94	10
399	103	10
400	85	9
401	135	12
402	112	11
403	151	12
404	180	13
405	195	14
406	195	14
407	258	16
408	267	16
409	286	17
410	302	17
411	311	18
412	318	18
413	344	19
414	358	19
415	376	19
416	393	20
417	381	20
418	414	20
419	428	21
420	409	20
421	432	21
422	389	20
423	414	20
424	351	19
425	364	19
426	349	19
427	327	18
428	292	17
429	274	17
430	284	17
431	241	16
432	220	15
433	175	13
434	172	13
435	162	13
436	136	12
437	109	10
438	90	9
439	69	8
440	51	7
441	60	8
442	37	6
443	32	6
444	28	5
445	23	5
446	16	4
447	16	4
448	14	4
449	9	3
450	7	3
451	9	3
452	4	2
453	4	2
454	4	2
455	5	2
456	4	2
457	2	1
458	1	1
459	1	1
460	3	2
461	4	2
462	1	1
463	3	2
464	1	1
465	3	2
466	2	1
467	2	1
468	1	1
469	2	1
470	0	0
471	2	1
472	3	2
473	0	0
474	4	2
475	3	2
476	1	1
477	1	1
478	3	2
479	3	2
480	4	2
481	4	2
482	3	2
483	0	0
484	0	0
485	3	2
486	1	1
487	0	0
488	3	2
489	2	1
490	1	1
491	2	1
492	3	2
493	3	2
494	2	1
495	2	1
496	1	1
497	1	1
498	2	1
499	3	2
500	1	1
501	2	1
502	4	2
503	3	2
504	3	2
505	3	2
506	5	2
507	2	1
508	1	1
509	1	1
510	1	1
511	1	1
512	0	0
513	1	1
514	4	2
515	3	2
516	1	1
517	4	2
518	2	1
519	1	1
520	3	2
521	2	1
522	2	1
523	0	0
524	7	3
525	3	2
526	2	1
527	2	1
528	3	2
529	1	1
530	2	1
531	3	2
532	5	2
533	0	0
534	1	1
535	2	1
536	3	2
537	1	1
538	3	2
539	1	1
540	3	2
541	0	0
542	2	1
543	2	1
544	0	0
545	1	1
546	3	2
547	1	1
548	0	0
549	1	1
550	1	1
551	3	2
552	2	1
553	2	1
554	0	0
555	0	0
556	1	1
557	3	2
558	2	1
559	2	1
560	1	1
561	3	2
562	3	2
563	1	1
564	1	1
565	1	1
566	2	1
567	2	1
568	2	1
569	4	2
570	2	1
571	2	1
572	1	1
573	4	2
574	0	0
575	3	2
576	3	2
577	2	1
578	1	1
579	3	2
580	5	2
581	1	1
582	0	0
583	1	1
584	1	1
585	3	2
586	2	1
587	3	2
588	3	2
589	1	1
590	2	1
591	2	1
592	3	2
593	2	1
594	2	1
595	1	1
596	2	1
597	2	1
598	3	2
599	2	1
600	2	1
601	2	1
602	1	1
603	1	1
604	1	1
605	3	2
606	0	0
607	1	1
608	0	0
609	2	1
610	2	1
611	2	1
612	0	0
613	1	1
614	2	1
615	0	0
616	3	2
617	1	1
618	5	2
619	1	1
620	1	1
621	1	1
622	1	1
623	1	1
624	0	0
625	1	1
626	2	1
627	1	1
628	1	1
629	1	1
630	2	1
631	2	1
632	4	2
633	4	2
634	2	1
635	3	2
636	1	1
637	0	0
638	0	0
639	0	0
640	1	1
641	3	2
642	1	1
643	0	0
644	2	1
645	0	0
646	0	0
647	0	0
648	1	1
649	0	0
650	1	1
651	2	1
652	2	1
653	2	1
654	0	0
655	2	1
656	1	1
657	2	1
658	1	1
659	1	1
660	1	1
661	2	1
662	3	2
663	0	0
664	2	1
665	1	1
666	3	2
667	1	1
668	1	1
669	2	1
670	0	0
671	2	1
672	2	1
673	0	0
674	4	2
675	1	1
676	1	1
677	2	1
678	1	1
679	1	1
680	0	0
681	1	1
682	2	1
683	0	0
684	1	1
685	1	1
686	2	1
687	2	1
688	2	1
689	1	1
690	2	1
691	1	1
692	1	1
693	1	1
694	2	1
695	4	2
696	0	0
697	2	1
698	3	2
699	2	1
700	0	0
701	2	1
702	0	0
703	0	0
704	0	0
705	4	2
706	2	1
707	2	1
708	1	1
709	3	2
710	1	1
711	4	2
712	1	1
713	1	1
714	1	1
715	3	2
716	1	1
717	0	0
718	2	1
719	1	1
720	0	0
721	0	0
722	1	1
723	1	1
724	1	1
725	0	0
726	2	1
727	5	2
728	1	1
729	2	1
730	1	1
731	1	1
732	1	1
733	1	1
734	0	0
735	0	0
736	0	0
737	2	1
738	3	2
739	1	1
740	0	0
741	2	1
742	1	1
743	0	0
744	1	1
745	2	1
746	1	1
747	1	1
748	2	1
749	1	1
750	1	1
751	1	1
752	2	1
753	0	0
754	1	1
755	0	0
756	1	1
757	1	1
758	0	0
759	2	1
760	2	1
761	0	0
762	3	2
763	3	2
764	2	1
765	0	0
766	0	0
767	0	0
768	1	1
769	3	2
770	0	0
771	1	1
772	1	1
773	1	1
774	0	0
775	2	1
776	1	1
777	1	1
778	1	1
779	1	1
780	0	0
781	1	1
782	0	0
783	0	0
784	2	1
785	0	0
786	1	1
787	0	0
788	2	1
789	0	0
790	1	1
791	0	0
792	0	0
793	1	1
794	1	1
795	1	1
796	1	1
797	0	0
798	1	1
799	2	1
800	0	0
801	1	1
802	1	1
803	1	1
804	0	0
805	0	0
806	0	0
807	0	0
808	0	0
809	0	0
810	1	1
811	0	0
812	0	0
813	0	0
814	0	0
815	1	1
816	1	1
817	1	1
818	1	1
819	0	0
820	0	0
821	0	0
822	1	1
823	0	0
824	3	2
825	0	0
826	1	1
827	0	0
828	1	1
829	1	1
830	0	0
831	0	0
832	1	1
833	1	1
834	0	0
835	0	0
836	0	0
837	0	0
838	0	0
839	1	1
840	1	1
841	0	0
842	0	0
843	1	1
844	1	1
845	0	0
846	0	0
847	0	0
848	0	0
849	1	1
850	0	0
851	0	0
852	0	0
853	1	1
854	0	0
855	0	0
856	1	1
857	1	1
858	1	1
859	0	0
860	1	1
861	0	0
862	0	0
863	0	0
864	1	1
865	1	1
866	2	1
867	1	1
868	1	1
869	0	0
870	0	0
871	2	1
872	0	0
873	0	0
874	0	0
875	1	1
876	0	0
877	1	1
878	0	0
879	0	0
880	0	0
881	1	1
882	1	1
883	1	1
884	0	0
885	1	1
886	0	0
887	2	1
888	3	2
889	0	0
890	0	0
891	1	1
892	2	1
893	1	1
894	1	1
895	0	0
896	0	0
897	2	1
898	2	1
899	2	1
900	1	1
901	0	0
902	0	0
903	2	1
904	1	1
905	1	1
906	1	1
907	1	1
908	0	0
909	2	1
910	2	1
911	1	1
912	2	1
913	2	1
914	2	1
915	3	2
916	3	2
917	4	2
918	5	2
919	1	1
920	4	2
921	1	1
922	4	2
923	3	2
924	1	1
925	2	1
926	1	1
927	1	1
928	1	1
929	2	1
930	0	0
931	2	1
932	0	0
933	0	0
934	0	0
935	5	2
936	2	1
937	0	0
938	4	2
939	0	0
940	1	1
941	0	0
942	0	0
943	0	0
944	1	1
945	0	0
946	0	0
947	0	0
948	0	0
949	2	1
950	1	1
951	1	1
952	0	0
953	0	0
954	2	1
955	0	0
956	0	0
957	0	0
958	0	0
959	0	0
960	2	1
961	1	1
962	0	0
963	0	0
964	0	0
965	0	0
966	1	1
967	0	0
968	0	0
969	1	1
970	1	1
971	1	1
972	1	1
973	0	0
974	0	0
975	0	0
976	0	0
977	0	0
978	0	0
979	2	1
980	0	0
981	0	0
982	0	0
983	1	1
984	1	1
985	0	0
986	1	1
987	0	0
988	0	0
989	0	0
990	1	1
991	0	0
992	0	0
993	0	0
994	0	0
995	0	0
996	0	0
997	0	0
998	0	0
999	0	0
1000	0	0
1001	0	0
1002	0	0
1003	0	0
1004	0	0
1005	0	0
1006	0	0
1007	0	0
1008	0	0
1009	0	0
1010	0	0
1011	0	0
1012	0	0
1013	0	0
1014	0	0
1015	0	0
1016	0	0
1017	1	1
1018	0	0
1019	0	0
1020	0	0
1021	0	0
1022	0	0
1023	0	0
