0	0	0
1	0	0
2	0	0
3	0	0
4	0	0
5	0	0
6	0	0
7	1	1
8	35	6
9	236	15
10	294	17
11	292	17
12	305	17
13	356	19
14	360	19
15	378	19
16	400	20
17	387	20
18	389	20
19	440	21
20	428	21
21	407	20
22	385	20
23	417	20
24	416	20
25	431	21
26	433	21
27	430	21
28	418	20
29	517	23
30	532	23
31	537	23
32	574	24
33	609	25
34	638	25
35	665	26
36	675	26
37	756	27
38	716	27
39	773	28
40	779	28
41	836	29
42	858	29
43	867	29
44	914	30
45	930	30
46	923	30
47	982	31
48	1006	32
49	1062	33
50	1085	33
51	1069	33
52	967	31
53	1059	33
54	1067	33
55	979	31
56	957	31
57	1007	32
58	1012	32
59	1076	33
60	1001	32
61	995	32
62	1020	32
63	1041	32
64	985	31
65	966	31
66	965	31
67	918	30
68	1008	32
69	935	31
70	974	31
71	869	29
72	928	30
73	912	30
74	919	30
75	937	31
76	901	30
77	861	29
78	860	29
79	893	30
80	865	29
81	853	29
82	841	29
83	870	29
84	815	29
85	797	28
86	847	29
87	841	29
88	784	28
89	795	28
90	780	28
91	784	28
92	789	28
93	761	28
94	743	27
95	768	28
96	732	27
97	748	27
98	696	26
99	695	26
100	631	25
101	707	27
102	672	26
103	736	27
104	672	26
105	673	26
106	602	25
107	612	25
108	667	26
109	673	26
110	699	26
111	629	25
112	600	24
113	604	25
114	626	25
115	618	25
116	636	25
117	596	24
118	647	25
119	590	24
120	657	26
121	631	25
122	635	25
123	596	24
124	597	24
125	578	24
126	580	24
127	535	23
128	608	25
129	551	23
130	564	24
131	560	24
132	582	24
133	545	23
134	636	25
135	594	24
136	597	24
137	549	23
138	617	25
139	660	26
140	573	24
141	608	25
142	631	25
143	611	25
144	613	25
145	590	24
146	610	25
147	565	24
148	646	25
149	630	25
150	614	25
151	554	24
152	584	24
153	552	23
154	608	25
155	537	23
156	512	23
157	545	23
158	515	23
159	485	22
160	498	22
161	466	22
162	425	21
163	420	20
164	456	21
165	429	21
166	459	21
167	404	20
168	412	20
169	420	20
170	399	20
171	418	20
172	394	20
173	390	20
174	433	21
175	408	20
176	387	20
177	378	19
178	359	19
179	399	20
180	369	19
181	357	19
182	381	20
183	367	19
184	360	19
185	359	19
186	321	18
187	306	17
188	358	19
189	340	18
190	303	17
191	330	18
192	348	19
193	366	19
194	336	18
195	354	19
196	325	18
197	341	18
198	297	17
199	319	18
200	321	18
201	336	18
202	317	18
203	307	18
204	310	18
205	270	16
206	293	17
207	309	18
208	273	17
209	257	16
210	278	17
211	316	18
212	292	17
213	290	17
214	275	17
215	255	16
216	295	17
217	312	18
218	292	17
219	293	17
220	274	17
221	272	16
222	272	16
223	259	16
224	260	16
225	275	17
226	243	16
227	278	17
228	253	16
229	255	16
230	238	15
231	249	16
232	234	15
233	267	16
234	237	15
235	223	15
236	242	16
237	194	14
238	208	14
239	239	15
240	224	15
241	236	15
242	213	15
243	224	15
244	231	15
245	253	16
246	232	15
247	222	15
248	237	15
249	260	16
250	215	15
251	226	15
252	243	16
253	225	15
254	214	15
255	201	14
256	236	15
257	200	14
258	221	15
259	205	14
260	206	14
261	190	14
262	200	14
263	218	15
264	223	15
265	207	14
266	209	14
267	204	14
268	202	14
269	221	15
270	204	14
271	203	14
272	189	14
273	195	14
274	185	14
275	203	14
276	184	14
277	216	15
278	195	14
279	204	14
280	195	14
281	201	14
282	215	15
283	192	14
284	209	14
285	168	13
286	191	14
287	208	14
288	191	14
289	183	14
290	205	14
291	185	14
292	183	14
293	200	14
294	219	15
295	215	15
296	177	13
297	187	14
298	199	14
299	188	14
300	189	14
301	192	14
302	189	14
303	195	14
304	187	14
305	199	14
306	213	15
307	190	14
308	205	14
309	196	14
310	183	14
311	188	14
312	184	14
313	201	14
314	203	14
315	179	13
316	187	14
317	183	14
318	175	13
319	197	14
320	218	15
321	206	14
322	192	14
323	212	15
324	191	14
325	211	15
326	172	13
327	191	14
328	190	14
329	190	14
330	199	14
331	177	13
332	171	13
333	191	14
334	191	14
335	197	14
336	192	14
337	173	13
338	212	15
339	184	14
340	160	13
341	190	14
342	176	13
343	203	14
344	198	14
345	176	13
346	196	14
347	184	14
348	206	14
349	200	14
350	187	14
351	219	15
352	170	13
353	155	12
354	190	14
355	197	14
356	186	14
357	187	14
358	184	14
359	214	15
360	177	13
361	180	13
362	197	14
363	178	13
364	190	14
365	177	13
366	199	14
367	216	15
368	162	13
369	177	13
370	160	13
371	186	14
372	181	13
373	210	14
374	178	13
375	185	14
376	168	13
377	172	13
378	170	13
379	200	14
380	179	13
381	174	13
382	194	14
383	200	14
384	177	13
385	186	14
386	201	14
387	179	13
388	170	13
389	193	14
390	170	13
391	174	13
392	172	13
393	175	13
394	194	14
395	202	14
396	169	13
397	174	13
398	200	14
399	168	13
400	188	14
401	177	13
402	175	13
403	161	13
404	155	12
405	180	13
406	151	12
407	183	14
408	159	13
409	177	13
410	193	14
411	175	13
412	198	14
413	198	14
414	166	13
415	173	13
416	198	14
417	187	14
418	183	14
419	192	14
420	184	14
421	169	13
422	203	14
423	198	14
424	183	14
425	176	13
426	172	13
427	180	13
428	179	13
429	182	13
430	178	13
431	179	13
432	187	14
433	196	14
434	185	14
435	185	14
436	173	13
437	197	14
438	194	14
439	164	13
440	163	13
441	205	14
442	176	13
443	172	13
444	180	13
445	176	13
446	170	13
447	189	14
448	179	13
449	172	13
450	179	13
451	193	14
452	185	14
453	185	14
454	205	14
455	180	13
456	170	13
457	202	14
458	208	14
459	185	14
460	180	13
461	174	13
462	204	14
463	202	14
464	170	13
465	196	14
466	187	14
467	197	14
468	182	13
469	190	14
470	185	14
471	184	14
472	197	14
473	183	14
474	208	14
475	208	14
476	200	14
477	194	14
478	212	15
479	183	14
480	170	13
481	192	14
482	197	14
483	168	13
484	203	14
485	212	15
486	188	14
487	187	14
488	218	15
489	201	14
490	156	12
491	184	14
492	181	13
493	168	13
494	177	13
495	206	14
496	198	14
497	171	13
498	215	15
499	217	15
500	195	14
501	224	15
502	185	14
503	204	14
504	211	15
505	214	15
506	212	15
507	175	13
508	208	14
509	204	14
510	205	14
511	187	14
512	219	15
513	207	14
514	214	15
515	210	14
516	204	14
517	222	15
518	196	14
519	198	14
520	226	15
521	198	14
522	175	13
523	195	14
524	216	15
525	222	15
526	203	14
527	243	16
528	202	14
529	216	15
530	200	14
531	231	15
532	203	14
533	222	15
534	207	14
535	216	15
536	207	14
537	213	15
538	200	14
539	193	14
540	201	14
541	201	14
542	213	15
543	214	15
544	197	14
545	218	15
546	225	15
547	229	15
548	217	15
549	223	15
550	211	15
551	224	15
552	216	15
553	223	15
554	228	15
555	215	15
556	217	15
557	211	15
558	199	14
559	245	16
560	235	15
561	229	15
562	235	15
563	236	15
564	218	15
565	227	15
566	210	14
567	250	16
568	226	15
569	239	15
570	220	15
571	226	15
572	212	15
573	252	16
574	228	15
575	248	16
576	250	16
577	216	15
578	245	16
579	192	14
580	218	15
581	221	15
582	235	15
583	203	14
584	204	14
585	203	14
586	173	13
587	184	14
588	194	14
589	195	14
590	194	14
591	157	13
592	176	13
593	165	13
594	175	13
595	176	13
596	175	13
597	176	13
598	170	13
599	185	14
600	183	14
601	182	13
602	157	13
603	159	13
604	156	12
605	158	13
606	168	13
607	155	12
608	162	13
609	162	13
610	167	13
611	147	12
612	167	13
613	150	12
614	158	13
615	155	12
616	142	12
617	155	12
618	148	12
619	150	12
620	174	13
621	132	11
622	143	12
623	123	11
624	119	11
625	147	12
626	155	12
627	139	12
628	126	11
629	132	11
630	141	12
631	142	12
632	143	12
633	145	12
634	155	12
635	135	12
636	132	11
637	137	12
638	136	12
639	157	13
640	142	12
641	130	11
642	121	11
643	133	12
644	130	11
645	154	12
646	125	11
647	134	12
648	140	12
649	152	12
650	138	12
651	119	11
652	126	11
653	120	11
654	163	13
655	149	12
656	132	11
657	137	12
658	135	12
659	139	12
660	134	12
661	142	12
662	127	11
663	134	12
664	93	10
665	116	11
666	136	12
667	136	12
668	116	11
669	115	11
670	143	12
671	126	11
672	116	11
673	118	11
674	94	10
675	124	11
676	117	11
677	98	10
678	110	10
679	111	11
680	91	10
681	98	10
682	125	11
683	101	10
684	84	9
685	85	9
686	94	10
687	97	10
688	98	10
689	77	9
690	82	9
691	104	10
692	94	10
693	99	10
694	100	10
695	103	10
696	115	11
697	80	9
698	118	11
699	102	10
700	129	11
701	125	11
702	145	12
703	154	12
704	155	12
705	171	13
706	161	13
707	175	13
708	207	14
709	236	15
710	239	15
711	259	16
712	279	17
713	270	16
714	304	17
715	282	17
716	325	18
717	356	19
718	365	19
719	393	20
720	435	21
721	383	20
722	463	22
723	446	21
724	493	22
725	468	22
726	501	22
727	492	22
728	490	22
729	512	23
730	496	22
731	517	23
732	483	22
733	482	22
734	428	21
735	462	21
736	462	21
737	399	20
738	421	21
739	414	20
740	370	19
741	353	19
742	337	18
743	333	18
744	288	17
745	270	16
746	275	17
747	262	16
748	200	14
749	205	14
750	198	14
751	172	13
752	170	13
753	154	12
754	130	11
755	125	11
756	96	10
757	114	11
758	93	10
759	83	9
760	84	9
761	60	8
762	46	7
763	60	8
764	41	6
765	43	7
766	40	6
767	28	5
768	36	6
769	23	5
770	34	6
771	29	5
772	19	4
773	17	4
774	13	4
775	16	4
776	12	3
777	20	4
778	18	4
779	11	3
780	15	4
781	16	4
782	18	4
783	16	4
784	23	5
785	22	5
786	11	3
787	33	6
788	23	5
789	26	5
790	27	5
791	36	6
792	33	6
793	51	7
794	37	6
795	65	8
796	53	7
797	73	9
798	79	9
799	91	10
800	82	9
801	117	11
802	111	11
803	128	11
804	124	11
805	119	11
806	154	12
807	169	13
808	197	14
809	198	14
810	252	16
811	225	15
812	220	15
813	242	16
814	279	17
815	273	17
816	288	17
817	315	18
818	310	18
819	353	19
820	329	18
821	344	19
822	368	19
823	388	20
824	365	19
825	346	19
826	338	18
827	369	19
828	402	20
829	381	20
830	400	20
831	340	18
832	359	19
833	346	19
834	342	18
835	335	18
836	299	17
837	325	18
838	294	17
839	285	17
840	287	17
841	255	16
842	274	17
843	251	16
844	220	15
845	187	14
846	204	14
847	154	12
848	168	13
849	157	13
850	144	12
851	127	11
852	146	12
853	113	11
854	91	10
855	81	9
856	79	9
857	67	8
858	56	7
859	46	7
860	64	8
861	36	6
862	42	6
863	37	6
864	34	6
865	33	6
866	22	5
867	30	5
868	26	5
869	19	4
870	13	4
871	20	4
872	16	4
873	5	2
874	17	4
875	12	3
876	15	4
877	16	4
878	9	3
879	14	4
880	9	3
881	7	3
882	22	5
883	10	3
884	12	3
885	7	3
886	12	3
887	12	3
888	13	4
889	14	4
890	19	4
891	19	4
892	21	5
893	16	4
894	18	4
895	21	5
896	16	4
897	23	5
898	20	4
899	20	4
900	32	6
901	21	5
902	27	5
903	30	5
904	20	4
905	30	5
906	23	5
907	16	4
908	29	5
909	23	5
910	20	4
911	20	4
912	29	5
913	30	5
914	31	6
915	27	5
916	12	3
917	21	5
918	20	4
919	25	5
920	17	4
921	19	4
922	17	4
923	12	3
924	17	4
925	13	4
926	15	4
927	7	3
928	11	3
929	7	3
930	12	3
931	9	3
932	7	3
933	7	3
934	7	3
935	10	3
936	8	3
937	6	2
938	7	3
939	2	1
940	4	2
941	6	2
942	6	2
943	4	2
944	14	4
945	4	2
946	2	1
947	7	3
948	2	1
949	3	2
950	5	2
951	6	2
952	5	2
953	3	2
954	7	3
955	3	2
956	4	2
957	6	2
958	5	2
959	2	1
960	5	2
961	3	2
962	6	2
963	8	3
964	4	2
965	5	2
966	2	1
967	2	1
968	1	1
969	1	1
970	4	2
971	2	1
972	3	2
973	7	3
974	6	2
975	2	1
976	4	2
977	6	2
978	2	1
979	3	2
980	4	2
981	1	1
982	6	2
983	6	2
984	5	2
985	4	2
986	2	1
987	1	1
988	6	2
989	4	2
990	4	2
991	6	2
992	5	2
993	4	2
994	5	2
995	4	2
996	4	2
997	7	3
998	3	2
999	2	1
1000	4	2
1001	8	3
1002	4	2
1003	2	1
1004	3	2
1005	5	2
1006	6	2
1007	5	2
1008	4	2
1009	2	1
1010	4	2
1011	1	1
1012	3	2
1013	5	2
1014	2	1
1015	1	1
1016	4	2
1017	3	2
1018	1	1
1019	2	1
1020	4	2
1021	2	1
1022	4	2
1023	1	1
