0	0	0
1	0	0
2	0	0
3	0	0
4	0	0
5	0	0
6	0	0
7	0	0
8	37	6
9	227	15
10	246	16
11	263	16
12	295	17
13	369	19
14	443	21
15	523	23
16	715	27
17	1200	35
18	2151	46
19	3156	56
20	3135	56
21	1941	44
22	1136	34
23	909	30
24	589	24
25	441	21
26	360	19
27	318	18
28	310	18
29	307	18
30	338	18
31	342	18
32	361	19
33	358	19
34	378	19
35	380	19
36	422	21
37	406	20
38	429	21
39	430	21
40	451	21
41	471	22
42	479	22
43	454	21
44	453	21
45	510	23
46	510	23
47	521	23
48	519	23
49	545	23
50	534	23
51	570	24
52	578	24
53	489	22
54	546	23
55	510	23
56	519	23
57	493	22
58	550	23
59	552	23
60	566	24
61	536	23
62	476	22
63	533	23
64	457	21
65	507	23
66	490	22
67	499	22
68	492	22
69	508	23
70	482	22
71	495	22
72	510	23
73	532	23
74	496	22
75	500	22
76	491	22
77	521	23
78	482	22
79	478	22
80	455	21
81	513	23
82	487	22
83	505	22
84	452	21
85	570	24
86	504	22
87	475	22
88	481	22
89	481	22
90	477	22
91	463	22
92	452	21
93	476	22
94	464	22
95	470	22
96	460	21
97	432	21
98	446	21
99	453	21
100	477	22
101	453	21
102	427	21
103	427	21
104	443	21
105	471	22
106	446	21
107	471	22
108	438	21
109	436	21
110	460	21
111	455	21
112	429	21
113	455	21
114	466	22
115	437	21
116	511	23
117	506	22
118	545	23
119	566	24
120	592	24
121	580	24
122	613	25
123	530	23
124	641	25
125	642	25
126	593	24
127	604	25
128	558	24
129	550	23
130	532	23
131	560	24
132	512	23
133	555	24
134	494	22
135	491	22
136	503	22
137	557	24
138	483	22
139	480	22
140	527	23
141	512	23
142	484	22
143	481	22
144	485	22
145	473	22
146	417	20
147	457	21
148	485	22
149	389	20
150	467	22
151	465	22
152	402	20
153	408	20
154	426	21
155	408	20
156	431	21
157	444	21
158	433	21
159	411	20
160	375	19
161	370	19
162	419	20
163	376	19
164	363	19
165	409	20
166	342	18
167	402	20
168	343	19
169	377	19
170	393	20
171	361	19
172	387	20
173	359	19
174	358	19
175	336	18
176	359	19
177	371	19
178	341	18
179	343	19
180	357	19
181	378	19
182	310	18
183	324	18
184	347	19
185	303	17
186	358	19
187	325	18
188	349	19
189	321	18
190	327	18
191	339	18
192	307	18
193	315	18
194	311	18
195	297	17
196	333	18
197	295	17
198	324	18
199	283	17
200	303	17
201	300	17
202	312	18
203	273	17
204	262	16
205	288	17
206	260	16
207	295	17
208	269	16
209	294	17
210	309	18
211	289	17
212	307	18
213	252	16
214	303	17
215	301	17
216	265	16
217	270	16
218	277	17
219	291	17
220	276	17
221	267	16
222	272	16
223	288	17
224	267	16
225	269	16
226	252	16
227	283	17
228	297	17
229	267	16
230	274	17
231	219	15
232	266	16
233	232	15
234	245	16
235	255	16
236	260	16
237	250	16
238	248	16
239	250	16
240	263	16
241	241	16
242	268	16
243	278	17
244	251	16
245	289	17
246	256	16
247	289	17
248	237	15
249	235	15
250	293	17
251	245	16
252	261	16
253	292	17
254	266	16
255	232	15
256	313	18
257	289	17
258	301	17
259	247	16
260	276	17
261	259	16
262	241	16
263	250	16
264	233	15
265	276	17
266	261	16
267	275	17
268	272	16
269	277	17
270	244	16
271	277	17
272	272	16
273	269	16
274	243	16
275	310	18
276	272	16
277	261	16
278	224	15
279	243	16
280	262	16
281	274	17
282	241	16
283	254	16
284	236	15
285	240	15
286	254	16
287	252	16
288	222	15
289	242	16
290	240	15
291	204	14
292	210	14
293	201	14
294	215	15
295	175	13
296	172	13
297	188	14
298	162	13
299	159	13
300	138	12
301	139	12
302	141	12
303	132	11
304	113	11
305	98	10
306	124	11
307	89	9
308	114	11
309	132	11
310	95	10
311	109	10
312	89	9
313	82	9
314	83	9
315	70	8
316	81	9
317	73	9
318	81	9
319	62	8
320	67	8
321	71	8
322	71	8
323	70	8
324	70	8
325	50	7
326	56	7
327	45	7
328	51	7
329	46	7
330	61	8
331	48	7
332	66	8
333	50	7
334	52	7
335	48	7
336	50	7
337	41	6
338	33	6
339	34	6
340	39	6
341	45	7
342	44	7
343	49	7
344	40	6
345	32	6
346	31	6
347	41	6
348	39	6
349	29	5
350	34	6
351	30	5
352	34	6
353	31	6
354	39	6
355	44	7
356	41	6
357	34	6
358	38	6
359	38	6
360	42	6
361	31	6
362	30	5
363	26	5
364	35	6
365	37	6
366	31	6
367	30	5
368	32	6
369	36	6
370	26	5
371	24	5
372	34	6
373	37	6
374	29	5
375	41	6
376	29	5
377	17	4
378	33	6
379	24	5
380	26	5
381	20	4
382	34	6
383	43	7
384	37	6
385	36	6
386	44	7
387	41	6
388	47	7
389	38	6
390	62	8
391	67	8
392	71	8
393	93	10
394	86	9
395	130	11
396	119	11
397	166	13
398	194	14
399	224	15
400	265	16
401	303	17
402	329	18
403	395	20
404	463	22
405	519	23
406	597	24
407	632	25
408	687	26
409	833	29
410	862	29
411	972	31
412	1006	32
413	1103	33
414	1161	34
415	1199	35
416	1281	36
417	1283	36
418	1353	37
419	1386	37
420	1389	37
421	1398	37
422	1419	38
423	1427	38
424	1356	37
425	1361	37
426	1357	37
427	1388	37
428	1270	36
429	1138	34
430	1111	33
431	1022	32
432	908	30
433	839	29
434	731	27
435	641	25
436	601	25
437	563	24
438	457	21
439	383	20
440	373	19
441	303	17
442	231	15
443	208	14
444	166	13
445	131	11
446	118	11
447	86	9
448	73	9
449	53	7
450	45	7
451	42	6
452	32	6
453	34	6
454	19	4
455	13	4
456	14	4
457	9	3
458	13	4
459	13	4
460	4	2
461	8	3
462	2	1
463	10	3
464	8	3
465	8	3
466	4	2
467	8	3
468	6	2
469	11	3
470	5	2
471	8	3
472	8	3
473	3	2
474	9	3
475	8	3
476	0	0
477	5	2
478	11	3
479	4	2
480	4	2
481	3	2
482	8	3
483	7	3
484	8	3
485	2	1
486	5	2
487	10	3
488	4	2
489	2	1
490	8	3
491	7	3
492	2	1
493	6	2
494	9	3
495	5	2
496	3	2
497	6	2
498	2	1
499	5	2
500	5	2
501	4	2
502	6	2
503	5	2
504	6	2
505	7	3
506	8	3
507	8	3
508	8	3
509	5	2
510	8	3
511	3	2
512	5	2
513	7	3
514	8	3
515	1	1
516	4	2
517	4	2
518	2	1
519	4	2
520	5	2
521	5	2
522	5	2
523	5	2
524	3	2
525	7	3
526	5	2
527	3	2
528	5	2
529	4	2
530	4	2
531	6	2
532	2	1
533	2	1
534	7	3
535	4	2
536	5	2
537	3	2
538	9	3
539	9	3
540	5	2
541	6	2
542	3	2
543	5	2
544	1	1
545	6	2
546	6	2
547	5	2
548	1	1
549	7	3
550	4	2
551	5	2
552	5	2
553	1	1
554	6	2
555	5	2
556	3	2
557	5	2
558	8	3
559	5	2
560	6	2
561	7	3
562	5	2
563	6	2
564	6	2
565	6	2
566	1	1
567	4	2
568	6	2
569	10	3
570	4	2
571	5	2
572	3	2
573	2	1
574	5	2
575	8	3
576	2	1
577	6	2
578	8	3
579	2	1
580	1	1
581	3	2
582	6	2
583	9	3
584	6	2
585	6	2
586	5	2
587	11	3
588	4	2
589	2	1
590	5	2
591	5	2
592	7	3
593	2	1
594	5	2
595	5	2
596	3	2
597	7	3
598	4	2
599	3	2
600	5	2
601	3	2
602	7	3
603	3	2
604	5	2
605	4	2
606	2	1
607	8	3
608	4	2
609	4	2
610	3	2
611	4	2
612	2	1
613	8	3
614	8	3
615	4	2
616	6	2
617	7	3
618	4	2
619	5	2
620	7	3
621	2	1
622	6	2
623	4	2
624	4	2
625	1	1
626	6	2
627	5	2
628	2	1
629	5	2
630	2	1
631	2	1
632	6	2
633	3	2
634	1	1
635	2	1
636	5	2
637	5	2
638	2	1
639	6	2
640	2	1
641	2	1
642	3	2
643	3	2
644	1	1
645	2	1
646	6	2
647	3	2
648	7	3
649	2	1
650	1	1
651	2	1
652	6	2
653	0	0
654	2	1
655	1	1
656	6	2
657	3	2
658	3	2
659	5	2
660	4	2
661	6	2
662	2	1
663	4	2
664	3	2
665	1	1
666	4	2
667	7	3
668	2	1
669	5	2
670	5	2
671	2	1
672	2	1
673	2	1
674	7	3
675	1	1
676	2	1
677	4	2
678	4	2
679	4	2
680	4	2
681	3	2
682	2	1
683	3	2
684	1	1
685	3	2
686	3	2
687	3	2
688	2	1
689	5	2
690	3	2
691	5	2
692	3	2
693	4	2
694	4	2
695	1	1
696	5	2
697	0	0
698	4	2
699	5	2
700	5	2
701	3	2
702	5	2
703	3	2
704	6	2
705	6	2
706	2	1
707	6	2
708	2	1
709	2	1
710	2	1
711	5	2
712	6	2
713	8	3
714	4	2
715	6	2
716	4	2
717	3	2
718	4	2
719	1	1
720	3	2
721	4	2
722	3	2
723	5	2
724	1	1
725	5	2
726	1	1
727	2	1
728	3	2
729	4	2
730	4	2
731	3	2
732	6	2
733	8	3
734	1	1
735	3	2
736	4	2
737	3	2
738	6	2
739	4	2
740	4	2
741	3	2
742	3	2
743	3	2
744	1	1
745	3	2
746	6	2
747	3	2
748	2	1
749	4	2
750	4	2
751	6	2
752	5	2
753	2	1
754	2	1
755	0	0
756	3	2
757	4	2
758	1	1
759	6	2
760	1	1
761	4	2
762	2	1
763	2	1
764	6	2
765	4	2
766	1	1
767	2	1
768	4	2
769	1	1
770	2	1
771	2	1
772	1	1
773	4	2
774	2	1
775	1	1
776	2	1
777	2	1
778	2	1
779	4	2
780	3	2
781	1	1
782	5	2
783	3	2
784	1	1
785	1	1
786	3	2
787	1	1
788	5	2
789	4	2
790	2	1
791	3	2
792	3	2
793	4	2
794	1	1
795	1	1
796	2	1
797	1	1
798	2	1
799	2	1
800	2	1
801	0	0
802	1	1
803	5	2
804	0	0
805	2	1
806	2	1
807	0	0
808	1	1
809	1	1
810	1	1
811	1	1
812	1	1
813	4	2
814	1	1
815	1	1
816	1	1
817	0	0
818	2	1
819	0	0
820	2	1
821	1	1
822	2	1
823	2	1
824	3	2
825	1	1
826	2	1
827	1	1
828	0	0
829	1	1
830	1	1
831	1	1
832	2	1
833	0	0
834	1	1
835	1	1
836	0	0
837	2	1
838	3	2
839	3	2
840	0	0
841	2	1
842	2	1
843	1	1
844	1	1
845	3	2
846	2	1
847	0	0
848	1	1
849	1	1
850	2	1
851	1	1
852	0	0
853	0	0
854	1	1
855	1	1
856	1	1
857	0	0
858	0	0
859	1	1
860	1	1
861	1	1
862	2	1
863	0	0
864	0	0
865	0	0
866	0	0
867	1	1
868	1	1
869	2	1
870	0	0
871	1	1
872	2	1
873	0	0
874	1	1
875	0	0
876	0	0
877	2	1
878	0	0
879	0	0
880	2	1
881	0	0
882	1	1
883	5	2
884	0	0
885	1	1
886	2	1
887	3	2
888	5	2
889	2	1
890	2	1
891	4	2
892	3	2
893	1	1
894	2	1
895	3	2
896	6	2
897	3	2
898	6	2
899	7	3
900	6	2
901	0	0
902	6	2
903	10	3
904	1	1
905	10	3
906	4	2
907	9	3
908	3	2
909	7	3
910	10	3
911	5	2
912	13	4
913	9	3
914	8	3
915	4	2
916	5	2
917	10	3
918	3	2
919	10	3
920	5	2
921	5	2
922	13	4
923	5	2
924	4	2
925	5	2
926	6	2
927	5	2
928	5	2
929	7	3
930	5	2
931	8	3
932	1	1
933	2	1
934	3	2
935	5	2
936	6	2
937	3	2
938	2	1
939	1	1
940	7	3
941	0	0
942	2	1
943	3	2
944	3	2
945	0	0
946	1	1
947	3	2
948	3	2
949	0	0
950	4	2
951	1	1
952	0	0
953	2	1
954	2	1
955	1	1
956	1	1
957	0	0
958	0	0
959	3	2
960	1	1
961	0	0
962	1	1
963	1	1
964	1	1
965	0	0
966	3	2
967	0	0
968	1	1
969	0	0
970	2	1
971	1	1
972	1	1
973	0	0
974	1	1
975	0	0
976	0	0
977	0	0
978	0	0
979	0	0
980	0	0
981	1	1
982	2	1
983	0	0
984	1	1
985	0	0
986	0	0
987	0	0
988	1	1
989	0	0
990	1	1
991	0	0
992	1	1
993	0	0
994	1	1
995	1	1
996	3	2
997	2	1
998	0	0
999	2	1
1000	2	1
1001	0	0
1002	0	0
1003	2	1
1004	1	1
1005	0	0
1006	2	1
1007	1	1
1008	0	0
1009	0	0
1010	0	0
1011	1	1
1012	0	0
1013	0	0
1014	0	0
1015	1	1
1016	2	1
1017	0	0
1018	0	0
1019	0	0
1020	0	0
1021	0	0
1022	0	0
1023	1	1