0	0	0
1	0	0
2	0	0
3	0	0
4	0	0
5	0	0
6	0	0
7	0	0
8	1	1
9	38	6
10	59	8
11	55	7
12	69	8
13	61	8
14	69	8
15	71	8
16	97	10
17	126	11
18	116	11
19	109	10
20	83	9
21	100	10
22	70	8
23	71	8
24	68	8
25	64	8
26	55	7
27	70	8
28	69	8
29	70	8
30	85	9
31	82	9
32	92	10
33	83	9
34	103	10
35	108	10
36	85	9
37	118	11
38	107	10
39	134	12
40	103	10
41	119	11
42	118	11
43	148	12
44	135	12
45	142	12
46	164	13
47	154	12
48	175	13
49	163	13
50	160	13
51	179	13
52	174	13
53	171	13
54	131	11
55	152	12
56	140	12
57	153	12
58	145	12
59	130	11
60	152	12
61	152	12
62	153	12
63	156	12
64	126	11
65	116	11
66	156	12
67	140	12
68	128	11
69	137	12
70	136	12
71	130	11
72	136	12
73	131	11
74	141	12
75	118	11
76	125	11
77	146	12
78	141	12
79	117	11
80	139	12
81	123	11
82	131	11
83	145	12
84	126	11
85	112	11
86	136	12
87	137	12
88	105	10
89	114	11
90	158	13
91	129	11
92	131	11
93	141	12
94	144	12
95	104	10
96	133	12
97	126	11
98	122	11
99	119	11
100	106	10
101	117	11
102	116	11
103	108	10
104	116	11
105	121	11
106	127	11
107	133	12
108	106	10
109	132	11
110	108	10
111	103	10
112	108	10
113	132	11
114	145	12
115	122	11
116	123	11
117	118	11
118	136	12
119	130	11
120	146	12
121	142	12
122	155	12
123	121	11
124	160	13
125	138	12
126	135	12
127	145	12
128	139	12
129	143	12
130	141	12
131	132	11
132	130	11
133	151	12
134	133	12
135	133	12
136	129	11
137	138	12
138	133	12
139	102	10
140	111	11
141	109	10
142	109	10
143	115	11
144	103	10
145	89	9
146	100	10
147	100	10
148	118	11
149	85	9
150	96	10
151	103	10
152	102	10
153	91	10
154	96	10
155	100	10
156	75	9
157	116	11
158	102	10
159	95	10
160	75	9
161	88	9
162	83	9
163	95	10
164	57	8
165	104	10
166	75	9
167	95	10
168	85	9
169	87	9
170	78	9
171	91	10
172	67	8
173	72	8
174	75	9
175	86	9
176	88	9
177	72	8
178	66	8
179	59	8
180	80	9
181	67	8
182	70	8
183	82	9
184	78	9
185	86	9
186	80	9
187	81	9
188	69	8
189	67	8
190	54	7
191	68	8
192	66	8
193	68	8
194	66	8
195	57	8
196	46	7
197	70	8
198	67	8
199	78	9
200	51	7
201	50	7
202	61	8
203	59	8
204	50	7
205	49	7
206	55	7
207	54	7
208	46	7
209	71	8
210	58	8
211	56	7
212	52	7
213	57	8
214	44	7
215	44	7
216	67	8
217	60	8
218	51	7
219	62	8
220	54	7
221	45	7
222	34	6
223	44	7
224	55	7
225	59	8
226	62	8
227	58	8
228	50	7
229	50	7
230	50	7
231	43	7
232	47	7
233	57	8
234	44	7
235	49	7
236	48	7
237	57	8
238	43	7
239	38	6
240	44	7
241	39	6
242	48	7
243	55	7
244	43	7
245	64	8
246	61	8
247	39	6
248	46	7
249	47	7
250	63	8
251	37	6
252	37	6
253	41	6
254	49	7
255	56	7
256	44	7
257	41	6
258	55	7
259	55	7
260	46	7
261	43	7
262	58	8
263	44	7
264	50	7
265	56	7
266	52	7
267	46	7
268	55	7
269	47	7
270	47	7
271	36	6
272	61	8
273	45	7
274	45	7
275	38	6
276	59	8
277	52	7
278	47	7
279	54	7
280	56	7
281	55	7
282	38	6
283	51	7
284	38	6
285	54	7
286	46	7
287	51	7
288	51	7
289	45	7
290	41	6
291	44	7
292	43	7
293	38	6
294	38	6
295	37	6
296	33	6
297	32	6
298	34	6
299	30	5
300	28	5
301	37	6
302	33	6
303	35	6
304	22	5
305	29	5
306	30	5
307	28	5
308	28	5
309	27	5
310	18	4
311	28	5
312	21	5
313	23	5
314	17	4
315	22	5
316	18	4
317	27	5
318	17	4
319	21	5
320	25	5
321	20	4
322	21	5
323	17	4
324	21	5
325	23	5
326	26	5
327	18	4
328	16	4
329	13	4
330	15	4
331	25	5
332	17	4
333	21	5
334	20	4
335	10	3
336	20	4
337	20	4
338	19	4
339	19	4
340	19	4
341	12	3
342	16	4
343	19	4
344	18	4
345	18	4
346	26	5
347	15	4
348	15	4
349	16	4
350	24	5
351	23	5
352	14	4
353	16	4
354	16	4
355	20	4
356	15	4
357	28	5
358	17	4
359	16	4
360	19	4
361	19	4
362	13	4
363	16	4
364	13	4
365	19	4
366	26	5
367	19	4
368	16	4
369	19	4
370	17	4
371	16	4
372	20	4
373	16	4
374	16	4
375	20	4
376	27	5
377	23	5
378	18	4
379	22	5
380	17	4
381	20	4
382	17	4
383	18	4
384	15	4
385	16	4
386	19	4
387	15	4
388	30	5
389	31	6
390	26	5
391	25	5
392	26	5
393	30	5
394	51	7
395	44	7
396	46	7
397	57	8
398	73	9
399	60	8
400	79	9
401	82	9
402	92	10
403	100	10
404	129	11
405	129	11
406	134	12
407	138	12
408	144	12
409	185	14
410	200	14
411	198	14
412	195	14
413	231	15
414	220	15
415	236	15
416	231	15
417	246	16
418	261	16
419	232	15
420	232	15
421	229	15
422	239	15
423	210	14
424	191	14
425	196	14
426	187	14
427	187	14
428	141	12
429	125	11
430	122	11
431	114	11
432	104	10
433	111	11
434	88	9
435	86	9
436	59	8
437	58	8
438	58	8
439	36	6
440	29	5
441	25	5
442	21	5
443	16	4
444	12	3
445	15	4
446	6	2
447	7	3
448	8	3
449	3	2
450	7	3
451	4	2
452	7	3
453	2	1
454	4	2
455	1	1
456	1	1
457	2	1
458	3	2
459	1	1
460	4	2
461	0	0
462	2	1
463	1	1
464	1	1
465	5	2
466	1	1
467	2	1
468	3	2
469	0	0
470	3	2
471	0	0
472	1	1
473	4	2
474	2	1
475	5	2
476	2	1
477	2	1
478	1	1
479	2	1
480	6	2
481	1	1
482	1	1
483	1	1
484	1	1
485	0	0
486	2	1
487	1	1
488	3	2
489	0	0
490	0	0
491	4	2
492	1	1
493	1	1
494	1	1
495	1	1
496	1	1
497	4	2
498	0	0
499	1	1
500	0	0
501	1	1
502	2	1
503	2	1
504	0	0
505	1	1
506	1	1
507	2	1
508	1	1
509	1	1
510	3	2
511	2	1
512	1	1
513	3	2
514	3	2
515	1	1
516	1	1
517	2	1
518	0	0
519	3	2
520	0	0
521	0	0
522	2	1
523	1	1
524	4	2
525	3	2
526	1	1
527	0	0
528	3	2
529	2	1
530	2	1
531	2	1
532	3	2
533	1	1
534	1	1
535	1	1
536	3	2
537	1	1
538	0	0
539	1	1
540	1	1
541	1	1
542	1	1
543	1	1
544	1	1
545	4	2
546	4	2
547	0	0
548	1	1
549	0	0
550	3	2
551	0	0
552	1	1
553	0	0
554	0	0
555	1	1
556	2	1
557	0	0
558	1	1
559	2	1
560	5	2
561	2	1
562	0	0
563	2	1
564	3	2
565	2	1
566	2	1
567	3	2
568	1	1
569	4	2
570	1	1
571	1	1
572	1	1
573	0	0
574	2	1
575	1	1
576	4	2
577	1	1
578	1	1
579	2	1
580	3	2
581	2	1
582	1	1
583	2	1
584	3	2
585	0	0
586	4	2
587	2	1
588	2	1
589	2	1
590	0	0
591	1	1
592	0	0
593	6	2
594	2	1
595	1	1
596	1	1
597	0	0
598	0	0
599	2	1
600	1	1
601	6	2
602	0	0
603	3	2
604	4	2
605	2	1
606	0	0
607	1	1
608	3	2
609	2	1
610	0	0
611	2	1
612	0	0
613	3	2
614	2	1
615	1	1
616	4	2
617	0	0
618	0	0
619	1	1
620	3	2
621	2	1
622	0	0
623	0	0
624	1	1
625	1	1
626	3	2
627	1	1
628	1	1
629	2	1
630	5	2
631	3	2
632	0	0
633	1	1
634	1	1
635	0	0
636	1	1
637	1	1
638	1	1
639	1	1
640	2	1
641	1	1
642	2	1
643	2	1
644	2	1
645	0	0
646	1	1
647	1	1
648	1	1
649	3	2
650	0	0
651	0	0
652	0	0
653	1	1
654	2	1
655	0	0
656	1	1
657	1	1
658	1	1
659	2	1
660	4	2
661	1	1
662	0	0
663	0	0
664	0	0
665	1	1
666	3	2
667	0	0
668	2	1
669	0	0
670	1	1
671	2	1
672	0	0
673	1	1
674	2	1
675	0	0
676	1	1
677	4	2
678	0	0
679	4	2
680	0	0
681	0	0
682	0	0
683	1	1
684	2	1
685	0	0
686	3	2
687	2	1
688	0	0
689	2	1
690	0	0
691	2	1
692	2	1
693	0	0
694	0	0
695	0	0
696	1	1
697	1	1
698	1	1
699	2	1
700	0	0
701	0	0
702	4	2
703	1	1
704	2	1
705	2	1
706	1	1
707	0	0
708	1	1
709	1	1
710	0	0
711	1	1
712	1	1
713	1	1
714	0	0
715	2	1
716	3	2
717	3	2
718	2	1
719	4	2
720	0	0
721	0	0
722	0	0
723	0	0
724	3	2
725	2	1
726	0	0
727	1	1
728	1	1
729	0	0
730	0	0
731	1	1
732	3	2
733	0	0
734	0	0
735	2	1
736	3	2
737	0	0
738	1	1
739	1	1
740	1	1
741	0	0
742	0	0
743	2	1
744	0	0
745	1	1
746	1	1
747	2	1
748	2	1
749	3	2
750	0	0
751	1	1
752	2	1
753	0	0
754	2	1
755	2	1
756	1	1
757	1	1
758	1	1
759	1	1
760	0	0
761	0	0
762	0	0
763	1	1
764	1	1
765	2	1
766	1	1
767	0	0
768	0	0
769	4	2
770	0	0
771	0	0
772	0	0
773	1	1
774	0	0
775	2	1
776	0	0
777	1	1
778	1	1
779	1	1
780	1	1
781	1	1
782	0	0
783	1	1
784	0	0
785	0	0
786	0	0
787	3	2
788	1	1
789	3	2
790	0	0
791	0	0
792	1	1
793	1	1
794	1	1
795	0	0
796	0	0
797	0	0
798	1	1
799	2	1
800	1	1
801	1	1
802	0	0
803	0	0
804	0	0
805	0	0
806	0	0
807	0	0
808	1	1
809	1	1
810	0	0
811	1	1
812	1	1
813	0	0
814	1	1
815	0	0
816	0	0
817	0	0
818	0	0
819	0	0
820	1	1
821	0	0
822	0	0
823	0	0
824	0	0
825	1	1
826	1	1
827	0	0
828	1	1
829	1	1
830	1	1
831	1	1
832	1	1
833	1	1
834	0	0
835	0	0
836	0	0
837	1	1
838	0	0
839	1	1
840	1	1
841	0	0
842	0	0
843	0	0
844	0	0
845	0	0
846	0	0
847	0	0
848	0	0
849	2	1
850	1	1
851	0	0
852	0	0
853	0	0
854	0	0
855	0	0
856	0	0
857	1	1
858	0	0
859	0	0
860	0	0
861	0	0
862	0	0
863	0	0
864	0	0
865	0	0
866	2	1
867	1	1
868	0	0
869	1	1
870	1	1
871	0	0
872	1	1
873	0	0
874	0	0
875	0	0
876	0	0
877	0	0
878	2	1
879	1	1
880	2	1
881	0	0
882	1	1
883	0	0
884	0	0
885	0	0
886	0	0
887	1	1
888	1	1
889	1	1
890	2	1
891	0	0
892	2	1
893	1	1
894	1	1
895	0	0
896	0	0
897	0	0
898	2	1
899	3	2
900	0	0
901	0	0
902	1	1
903	1	1
904	5	2
905	2	1
906	1	1
907	4	2
908	2	1
909	3	2
910	0	0
911	1	1
912	5	2
913	3	2
914	3	2
915	2	1
916	2	1
917	1	1
918	0	0
919	0	0
920	0	0
921	2	1
922	2	1
923	2	1
924	2	1
925	3	2
926	3	2
927	2	1
928	2	1
929	5	2
930	1	1
931	0	0
932	2	1
933	2	1
934	0	0
935	1	1
936	1	1
937	0	0
938	1	1
939	1	1
940	0	0
941	0	0
942	0	0
943	0	0
944	0	0
945	0	0
946	1	1
947	2	1
948	2	1
949	0	0
950	0	0
951	0	0
952	1	1
953	0	0
954	0	0
955	0	0
956	0	0
957	0	0
958	0	0
959	0	0
960	0	0
961	0	0
962	0	0
963	0	0
964	0	0
965	0	0
966	0	0
967	0	0
968	0	0
969	0	0
970	1	1
971	0	0
972	0	0
973	0	0
974	0	0
975	0	0
976	0	0
977	0	0
978	0	0
979	0	0
980	1	1
981	0	0
982	0	0
983	1	1
984	0	0
985	0	0
986	1	1
987	0	0
988	0	0
989	0	0
990	0	0
991	0	0
992	0	0
993	0	0
994	0	0
995	0	0
996	0	0
997	0	0
998	0	0
999	0	0
1000	1	1
1001	0	0
1002	1	1
1003	0	0
1004	0	0
1005	0	0
1006	0	0
1007	1	1
1008	0	0
1009	1	1
1010	0	0
1011	0	0
1012	0	0
1013	0	0
1014	0	0
1015	0	0
1016	0	0
1017	0	0
1018	0	0
1019	0	0
1020	0	0
1021	0	0
1022	0	0
1023	0	0
